10
2 3 4 6 7 9 10 11 16 17
0 1 14 15 29
0 1 15 29 30
0 13 14 28 42
0 14 15 28 29
0 14 28 29 42
2 3 4 6 7 13 17 18 19 21
0 5 10 15 20
0 5 10 15 38
0 5 10 33 38
0 5 28 33 38
0 23 28 33 38
2 3 4 12 13 14 16 17 19 20
0 1 11 22 33
0 10 11 21 32
0 10 21 32 42
0 11 21 22 32
0 11 22 32 33
2 3 5 7 9 11 14 19 20 21
0 4 8 12 16
0 4 8 12 39
0 4 8 35 39
0 4 31 35 39
0 27 31 35 39
2 4 5 10 11 12 14 15 17 21
0 7 16 25 34
0 9 16 25 34
0 9 18 25 34
0 9 18 27 34
0 9 18 27 36
2 8 9 10 12 14 15 16 18 19
0 3 6 23 26
0 3 20 23 26
0 3 20 23 40
0 17 20 23 40
0 17 20 37 40
3 4 5 6 8 9 11 15 17 19
0 1 2 22 23
0 1 21 22 23
0 1 21 22 42
0 20 21 22 42
0 20 21 41 42
3 5 7 8 10 11 13 14 17 21
0 6 12 18 24
0 6 12 18 37
0 6 12 31 37
0 6 25 31 37
0 19 25 31 37
4 5 7 11 13 15 16 18 19 20
0 3 6 9 12
0 3 6 9 40
0 3 6 37 40
0 3 34 37 40
0 31 34 37 40
4 6 8 9 11 12 14 18 20 21
0 2 15 17 30
0 2 15 28 30
0 13 15 28 30
0 13 15 28 41
0 13 26 28 41
5 6 8 9 10 12 13 16 18 21
0 1 2 3 4
0 1 2 3 42
0 1 2 41 42
0 1 40 41 42
0 39 40 41 42