0 1 9 10 23
0 1 9 10 34
0 1 10 23 24
0 1 10 23 35
0 1 10 24 34
0 1 10 34 35
0 1 13 14 23
0 1 13 14 38
0 1 13 23 35
0 1 13 25 35
0 1 13 25 38
0 1 14 23 24
0 1 14 24 34
0 1 14 24 38
0 1 14 38 39
0 1 24 25 34
0 1 24 25 38
0 1 25 34 35
0 1 25 38 39
0 8 9 22 46
0 8 9 33 46
0 9 10 22 23
0 9 10 22 34
0 9 10 23 33
0 9 10 33 34
0 9 22 23 46
0 9 22 34 46
0 9 23 33 46
0 9 33 34 46
0 10 20 33 34
0 10 22 23 35
0 10 22 34 35
0 10 23 24 33
0 10 23 24 37
0 10 24 33 34
0 12 13 22 35
0 12 13 22 46
0 12 13 25 35
0 12 13 25 37
0 12 13 37 46
0 12 22 34 35
0 12 22 34 46
0 12 24 25 34
0 12 24 25 37
0 12 24 34 46
0 12 24 37 46
0 12 25 34 35
0 13 14 22 23
0 13 14 23 37
0 13 14 27 37
0 13 14 37 38
0 13 22 23 35
0 13 22 23 46
0 13 23 33 46
0 13 23 37 46
0 13 25 37 38
0 13 37 38 46
0 14 23 24 37
0 14 24 37 38
0 23 24 33 46
0 23 24 37 46
0 24 25 33 34
0 24 25 37 38
0 24 33 34 46
0 24 37 38 46
